Damian Olszewski
ICT grupa 1, 18.03.18
E =  210000000
NU =  0.30000
t =  0.025000
w =  3000
x1i = 0
y1i = 0
x1j =  0.50000
y1j =  0.25000
x1m = 0
y1m =  0.25000
x2i = 0
y2i = 0
x2j =  0.50000
y2j = 0
x2m =  0.50000
y2m =  0.25000
Tri_area1 =  0.062500
Tri_area2 =  0.062500
p =  1
k1 =

  2.0192e+006  0.0000e+000  0.0000e+000  -1.0096e+006  -2.0192e+006  1.0096e+006
  0.0000e+000  5.7692e+006  -8.6538e+005  0.0000e+000  8.6538e+005  -5.7692e+006
  0.0000e+000  -8.6538e+005  1.4423e+006  0.0000e+000  -1.4423e+006  8.6538e+005
  -1.0096e+006  0.0000e+000  0.0000e+000  5.0481e+005  1.0096e+006  -5.0481e+005
  -2.0192e+006  8.6538e+005  -1.4423e+006  1.0096e+006  3.4615e+006  -1.8750e+006
  1.0096e+006  -5.7692e+006  8.6538e+005  -5.0481e+005  -1.8750e+006  6.2740e+006

k2 =

  1.4423e+006  0.0000e+000  -1.4423e+006  8.6538e+005  0.0000e+000  -8.6538e+005
  0.0000e+000  5.0481e+005  1.0096e+006  -5.0481e+005  -1.0096e+006  0.0000e+000
  -1.4423e+006  1.0096e+006  3.4615e+006  -1.8750e+006  -2.0192e+006  8.6538e+005
  8.6538e+005  -5.0481e+005  -1.8750e+006  6.2740e+006  1.0096e+006  -5.7692e+006
  0.0000e+000  -1.0096e+006  -2.0192e+006  1.0096e+006  2.0192e+006  0.0000e+000
  -8.6538e+005  0.0000e+000  8.6538e+005  -5.7692e+006  0.0000e+000  5.7692e+006

K =

   0   0   0   0   0   0   0   0
   0   0   0   0   0   0   0   0
   0   0   0   0   0   0   0   0
   0   0   0   0   0   0   0   0
   0   0   0   0   0   0   0   0
   0   0   0   0   0   0   0   0
   0   0   0   0   0   0   0   0
   0   0   0   0   0   0   0   0

K =

  2.0192e+006  0.0000e+000  0.0000e+000  0.0000e+000  0.0000e+000  -1.0096e+006  -2.0192e+006  1.0096e+006
  0.0000e+000  5.7692e+006  0.0000e+000  0.0000e+000  -8.6538e+005  0.0000e+000  8.6538e+005  -5.7692e+006
  0.0000e+000  0.0000e+000  0.0000e+000  0.0000e+000  0.0000e+000  0.0000e+000  0.0000e+000  0.0000e+000
  0.0000e+000  0.0000e+000  0.0000e+000  0.0000e+000  0.0000e+000  0.0000e+000  0.0000e+000  0.0000e+000
  0.0000e+000  -8.6538e+005  0.0000e+000  0.0000e+000  1.4423e+006  0.0000e+000  -1.4423e+006  8.6538e+005
  -1.0096e+006  0.0000e+000  0.0000e+000  0.0000e+000  0.0000e+000  5.0481e+005  1.0096e+006  -5.0481e+005
  -2.0192e+006  8.6538e+005  0.0000e+000  0.0000e+000  -1.4423e+006  1.0096e+006  3.4615e+006  -1.8750e+006
  1.0096e+006  -5.7692e+006  0.0000e+000  0.0000e+000  8.6538e+005  -5.0481e+005  -1.8750e+006  6.2740e+006

K =

  3.4615e+006  0.0000e+000  -1.4423e+006  8.6538e+005  0.0000e+000  -1.8750e+006  -2.0192e+006  1.0096e+006
  0.0000e+000  6.2740e+006  1.0096e+006  -5.0481e+005  -1.8750e+006  0.0000e+000  8.6538e+005  -5.7692e+006
  -1.4423e+006  1.0096e+006  3.4615e+006  -1.8750e+006  -2.0192e+006  8.6538e+005  0.0000e+000  0.0000e+000
  8.6538e+005  -5.0481e+005  -1.8750e+006  6.2740e+006  1.0096e+006  -5.7692e+006  0.0000e+000  0.0000e+000
  0.0000e+000  -1.8750e+006  -2.0192e+006  1.0096e+006  3.4615e+006  0.0000e+000  -1.4423e+006  8.6538e+005
  -1.8750e+006  0.0000e+000  8.6538e+005  -5.7692e+006  0.0000e+000  6.2740e+006  1.0096e+006  -5.0481e+005
  -2.0192e+006  8.6538e+005  0.0000e+000  0.0000e+000  -1.4423e+006  1.0096e+006  3.4615e+006  -1.8750e+006
  1.0096e+006  -5.7692e+006  0.0000e+000  0.0000e+000  8.6538e+005  -5.0481e+005  -1.8750e+006  6.2740e+006

K_pod =

  3.4615e+006  -1.8750e+006  -2.0192e+006  8.6538e+005
  -1.8750e+006  6.2740e+006  1.0096e+006  -5.7692e+006
  -2.0192e+006  1.0096e+006  3.4615e+006  0.0000e+000
  8.6538e+005  -5.7692e+006  0.0000e+000  6.2740e+006

F_pod =

   9.37500
   0.00000
   9.37500
   0.00000

U_pod =

  7.1111e-006
  1.1152e-006
  6.5312e-006
  4.4607e-008

U =

  0.0000e+000
  0.0000e+000
  7.1111e-006
  1.1152e-006
  6.5312e-006
  4.4607e-008
  0.0000e+000
  0.0000e+000

F =

  -9.3750e+000
  -5.6295e+000
  9.3750e+000
  3.3307e-015
  9.3750e+000
  -8.3267e-016
  -9.3750e+000
  5.6295e+000

u1 =

  0.0000e+000
  0.0000e+000
  6.5312e-006
  4.4607e-008
  0.0000e+000
  0.0000e+000

sigma1 =

   3014.4115
    904.3235
      7.2058

u2 =

  0.0000e+000
  0.0000e+000
  7.1111e-006
  1.1152e-006
  6.5312e-006
  4.4607e-008

sigma2 =

   2985.5885
     -3.6029
     -7.2058

s1 =

  3.0144e+003
  9.0430e+002
  1.9566e-001

s2 =

  2.9856e+003
  -3.6203e+000
  -1.3812e-001

odp = ROZWI¥ZANIE 
 ELEMENT 1 
 naprê¿enia g³ówne w osi x w elemencie 1 sigma(1)= 3.01444 MPa (rozci¹ganie) 
 naprê¿enia g³ówne w osi y w elemencie 1 sigma(2)= 0.904299 MPa (rozci¹ganie) 
 k¹t g³ówny teta 0.195657 stopni 
 ELEMENT 2 
 naprê¿enia g³ówne w osi x w elemencie 2 sigma(1)= 2.98561 MPa (rozci¹ganie) 
 naprê¿enia g³ówne w osi y w elemencie 2 sigma(2)= -0.00362025 MPa (œciskanie) 
 k¹t g³ówny teta -0.138117 stopni 
 Zadanie opracowa³ Damian Olszewski, nr albumu 146500
ROZWI¥ZANIE 
 ELEMENT 1 
 naprê¿enia g³ówne w osi x w elemencie 1 sigma(1)= 3.01444 MPa (rozci¹ganie) 
 naprê¿enia g³ówne w osi y w elemencie 1 sigma(2)= 0.904299 MPa (rozci¹ganie) 
 k¹t g³ówny teta 0.195657 stopni 
 ELEMENT 2 
 naprê¿enia g³ówne w osi x w elemencie 2 sigma(1)= 2.98561 MPa (rozci¹ganie) 
 naprê¿enia g³ówne w osi y w elemencie 2 sigma(2)= -0.00362025 MPa (œciskanie) 
 k¹t g³ówny teta -0.138117 stopni 
 Zadanie opracowa³ Damian Olszewski, nr albumu 146500
